The Pleas of a Spanish Advocate, Bk. II. 157

6-111911. 1. 99. C. qui 1911. 9911.

9-69911. 6. 7494 16999911. 6. 149. 91 186.

1-1111119. 1991. 4911. 1. 91111. 7. 9. 4. num. 8.; Ceph. 9991. 914. 9. 914 1696. 69 911. 191.
999996

9-139911 9991. 989. 6194 69911. 9144 16999911. 97. 87. 619. 6174 1199111.9991.44.91116.
4. 9991. 4. 694 Τ911.9.9991. 174 8111199991. 1491744 6111. 4. 9991. 694 6111. 4. 9991
1494 Ρ919. 1. 9991. 1794 Ro. Gen. 699. 1744 1111911. neg. 1. q. 694 6911. 6919. 19911991919.
644 1191. 9. 1. 69 9911. 91991.

11-1199. 1. 18. 9. 94 Man. 999. 69161194 11999911. 6. 91191. 41. 494 119. 9991. 4814
61111. 4714 Bura. d. 1494 119911. 6. 694 066. 691911. 9. 8. 9. 684 Bul. 1. 9. C. 69 99. 1111.

1-16199911. 9991. 44119919. 694 61111. 999. num. 8.

11-111111. 6. 1. 18. 91119. 499.

1-Ρ9111. 16 1111. L 1111. C. de 991. 191

111-1. 1. 69 Ι919194 l. 1. 69919991.

9-119919, 4. 9991. 4.

9-811. 9. 4. 9. 8. de 99911114 11191. 1. 699 1111199. 9991. 47.

9-119911. 6. 44 61111. 6. 471. 699. 8994 Ρ919.6. 1744 19. Ant 1 S. 69919. 9. 911. 91119. 4.
69999111999111.

9-619991 69 9119. 9. 644 119911 9. 9991. 644 81119. 69 mere. 9. 4. 9991. 16.

1-169911. 4.

9-16999111. 91991. 19999. 9. 4.

1-111199 911. 69191194 69111691919. 9119191919. 94.

9-11111. 1. 9991. 6111 61111. 999. 9169191. 9. 4. 9. 96.

11-69111. 91. 9. 19. 991. 19. 64 Puris. 6. 1. 11114 6111. 6. 471.

7-891. 691999. 1191. Nullius

2-Fe1y. 9. 7. 69 91191.

11-69111. 1111. 1. 9. 69 iudi.

bb-Menoeh. 69119. 444.

99-81111. 9. 9999. 1914 16996. 16 Ro. 976.

66-11191. 6. 1. 91 9. 474 066. 6. q. 8. 9. 794 16999911. 9999. 711 6111. 999. 974.

eeu-nm 1. 9991. 11.

11-6111. 9991 997. 9919. 9.

19-119919. 9. 9999. 64.

1111-[199. 1. 9991. 18. 91 lib. 4. 9999 11.

11-1199. 1. 9991 19.

11-1119999. 9999 919.

11-11999911. 9999 6174 6111. 999.

nun-Rom. 9991. 481 69911. 9144 6111. 4714 11199. 1. 9999. 1184 Burs. 4. 9991. 1744
119999191174 119911. Re. d. 694 8917. 6. 74 066. 691911. q. 984 1191.1.191191.699196.

99-11199911. 69 arb. 1864 11199991 199.

σοι-11919. 9. 4. 69 999114 6191. 1. duo 11911914 066. 69 1911. 9. 8.

99-111111. 9991 1. 69 9999111.

99-Ρ9991. c. veniens. 9. 9. 6919111.

 

